0,-9.00
5,-9.75
10,-11.25
15,-12.00
20,-15.75
25,-19.50
30,-25.50
35,-27.00
40,-27.00
45,-21.75
50,-20.25
55,-17.25
60,-15.00
65,-13.50
70,-13.50
75,-12.00
80,-12.00
85,-11.25
90,-11.25
95,-11.25
100,-12.00
105,-12.00
110,-14.25
115,-17.25
120,-21.75
125,-26.25
130,-30.00
135,-30.00
140,-22.50
145,-19.50
150,-18.75
155,-15.75
160,-13.50
165,-12.00
170,-9.75
175,-9.75
180,-9.00
185,-7.50
190,-8.25
195,-7.50
200,-7.50
205,-7.50
210,-9.75
215,-10.50
220,-12.00
225,-15.00
230,-18.00
235,-20.25
240,-24.00
245,-23.25
250,-21.75
255,-19.50
260,-18.00
265,-15.00
270,-14.25
275,-12.75
280,-12.00
285,-11.25
290,-12.00
295,-12.00
300,-12.00
305,-12.00
310,-15.00
315,-17.25
320,-18.00
325,-22.50
330,-29.25
335,-40.00
340,-33.00
345,-25.50
350,-21.75
355,-16.50
360,-15.00
