0,-29.25
5,-29.25
10,-27.75
15,-27.00
20,-27.75
25,-27.75
30,-28.50
35,-27.75
40,-27.75
45,-28.50
50,-30.75
55,-27.75
60,-29.25
65,-28.50
70,-27.75
75,-27.00
80,-28.50
85,-27.75
90,-27.75
95,-29.25
100,-31.50
105,-31.50
110,-31.50
115,-30.75
120,-31.50
125,-39.00
130,-36.75
135,-42.00
140,-41.25
145,-41.25
150,-39.75
155,-40.50
160,-36.00
165,-35.25
170,-33.75
175,-33.00
180,-32.25
185,-30.75
190,-30.75
195,-30.00
200,-29.25
205,-29.25
210,-27.75
215,-28.50
220,-27.00
225,-27.00
230,-27.75
235,-28.50
240,-29.25
245,-30.75
250,-29.25
255,-30.75
260,-31.50
265,-30.75
270,-33.75
275,-31.50
280,-30.75
285,-30.00
290,-28.50
295,-29.25
300,-28.50
305,-30.00
310,-28.50
315,-27.75
320,-27.75
325,-27.75
330,-27.75
335,-27.00
340,-25.50
345,-25.50
350,-25.00
355,-25.50
360,-27.00
